10001 1.422e-06
20001 5.17e-07
30001 1.516e-06
40001 7.89e-07
50001 1.863e-06
60001 1.053e-06
70001 1.899e-06
80001 7.15e-07
90001 1.553e-06
100001 6.72e-07
110001 7.93e-07
120001 5.66e-07
130001 7.87e-07
140001 1.287e-06
150001 8.98e-07
160001 9.62e-07
170001 7.18e-07
180001 6.89e-07
190001 9.6e-07
200001 1.46e-06
210001 7.41e-07
220001 8.37e-07
230001 8.76e-07
240001 1.041e-06
250001 1.464e-06
260001 1.256e-06
270001 9.8e-07
280001 9.48e-07
290001 1.502e-06
300001 1.175e-06
310001 1.356e-06
320001 1.116e-06
330001 1.084e-06
340001 1.304e-06
350001 1.239e-06
360001 1.083e-06
370001 1.296e-06
380001 1.231e-06
390001 9.89e-07
400001 1.482e-06
410001 1.648e-06
420001 1.062e-06
430001 1.106e-06
440001 1.14e-06
450001 1.186e-06
460001 1.195e-06
470001 1.061e-06
480001 1.093e-06
490001 1.15e-06
500001 1.115e-06
510001 2.664e-06
520001 1.098e-06
530001 1.847e-06
540001 1.143e-06
550001 1.241e-06
560001 1.142e-06
570001 1.327e-06
580001 1.552e-06
590001 2.17e-06
600001 1.612e-06
610001 1.108e-06
620001 1.008e-06
630001 1.31e-06
640001 1.855e-06
650001 1.426e-06
660001 6.367e-06
670001 1.695e-06
680001 1.263e-06
690001 2.21e-06
700001 1.39e-06
710001 1.423e-06
720001 1.273e-06
730001 2.626e-06
740001 1.7e-06
750001 1.118e-06
760001 9.19e-07
770001 9.49e-07
780001 1.379e-06
790001 1.398e-06
800001 1.166e-06
810001 1.336e-06
820001 1.366e-06
830001 1.501e-06
840001 1.312e-06
850001 1.579e-06
860001 1.917e-06
870001 1.511e-06
880001 7.436e-06
890001 9.93e-07
900001 1.615e-06
910001 1.394e-06
920001 1.68e-06
930001 1.427e-06
940001 2.514e-06
950001 1.964e-06
960001 2.324e-06
970001 1.205e-06
980001 2.405e-06
990001 1.816e-06
1000001 2.701e-06
1010001 1.94e-06
1020001 1.678e-06
1030001 1.861e-06
1040001 2.315e-06
1050001 2.582e-06
1060001 1.644e-06
1070001 2.022e-06
1080001 1.451e-06
1090001 1.516e-06
1100001 2.72e-06
1110001 1.928e-06
1120001 1.74e-06
1130001 1.535e-06
1140001 2.298e-06
1150001 1.881e-06
1160001 2.418e-06
1170001 2.932e-06
1180001 2.731e-06
1190001 3.602e-06
1200001 1.964e-06
1210001 2.011e-06
1220001 2.583e-06
1230001 2.037e-06
1240001 1.877e-06
1250001 1.864e-06
1260001 2.48e-06
1270001 1.84e-06
1280001 2.046e-06
1290001 2.018e-06
1300001 4.055e-06
1310001 1.808e-06
1320001 2.316e-06
1330001 1.979e-06
1340001 2.606e-06
1350001 1.763e-06
1360001 2.003e-06
1370001 3.67e-06
1380001 2.619e-06
1390001 2.322e-06
1400001 2.29e-06
1410001 8.225e-06
1420001 1.872e-06
1430001 2.29e-06
1440001 2.076e-06
1450001 2.989e-06
1460001 1.693e-06
1470001 2.173e-06
1480001 2.005e-06
1490001 1.573e-06
1500001 2.026e-06
1510001 2.047e-06
1520001 3.242e-06
1530001 1.934e-06
1540001 2.636e-06
1550001 2.22e-06
1560001 1.75e-06
1570001 1.709e-06
1580001 1.613e-06
1590001 2.165e-06
1600001 1.767e-06
1610001 1.949e-06
1620001 1.895e-06
1630001 1.724e-06
1640001 1.725e-06
1650001 1.756e-06
1660001 1.713e-06
1670001 1.5e-06
1680001 1.473e-06
1690001 1.553e-06
1700001 1.781e-06
1710001 1.855e-06
1720001 1.627e-06
1730001 2.878e-06
1740001 2.357e-06
1750001 1.974e-06
1760001 2.438e-06
1770001 2.002e-06
1780001 1.857e-06
1790001 1.777e-06
1800001 1.784e-06
1810001 2.308e-06
1820001 3.443e-06
1830001 1.528e-06
1840001 2.056e-06
1850001 2.375e-06
1860001 2.32e-06
1870001 2.13e-06
1880001 2.204e-06
1890001 2.013e-06
1900001 1.752e-06
1910001 2.665e-06
1920001 2.745e-06
1930001 2.582e-06
1940001 2.47e-06
1950001 1.915e-06
1960001 2.484e-06
1970001 2.116e-06
1980001 2.116e-06
1990001 1.858e-06
2000001 2.24e-06
2010001 1.922e-06
2020001 1.647e-06
2030001 2.232e-06
2040001 2.744e-06
2050001 1.676e-06
2060001 1.813e-06
2070001 1.623e-06
2080001 2.542e-06
2090001 1.923e-06
2100001 2.65e-06
2110001 2.601e-06
2120001 2.2e-06
2130001 2.001e-06
2140001 2.553e-06
2150001 2.968e-06
2160001 1.656e-06
2170001 1.762e-06
2180001 2.502e-06
2190001 1.608e-06
2200001 2.01e-06
2210001 2.153e-06
2220001 2.113e-06
2230001 6.011e-06
2240001 1.971e-06
2250001 2.118e-06
2260001 1.566e-06
2270001 1.869e-06
2280001 2.076e-06
2290001 2.648e-06
2300001 1.962e-06
2310001 1.923e-06
2320001 1.719e-06
2330001 1.751e-06
2340001 1.697e-06
2350001 1.889e-06
2360001 2.471e-06
2370001 1.917e-06
2380001 1.692e-06
2390001 1.725e-06
2400001 1.879e-06
2410001 1.817e-06
2420001 2.184e-06
2430001 1.807e-06
2440001 1.556e-06
2450001 1.877e-06
2460001 1.67e-06
2470001 2.357e-06
2480001 2.181e-06
2490001 1.989e-06
2500001 1.816e-06
2510001 2.083e-06
2520001 2.622e-06
2530001 1.6542e-05
2540001 3.058e-06
2550001 2.811e-06
2560001 2.266e-06
2570001 2.226e-06
2580001 2.128e-06
2590001 2.423e-06
2600001 2.025e-06
2610001 1.924e-06
2620001 1.796e-06
2630001 2.296e-06
2640001 2.421e-06
2650001 2.124e-06
2660001 2.517e-06
2670001 2.799e-06
2680001 3.011e-06
2690001 2.215e-06
2700001 2.692e-06
2710001 2.416e-06
2720001 2.795e-06
2730001 2.825e-06
2740001 2.014e-06
2750001 2.162e-06
2760001 2.12e-06
2770001 2.099e-06
2780001 2.317e-06
2790001 1.992e-06
2800001 2.231e-06
2810001 2.765e-06
2820001 2.919e-06
2830001 2.1e-06
2840001 2.33e-06
2850001 2.79e-06
2860001 2.439e-06
2870001 2.332e-06
2880001 2.316e-06
2890001 1.854e-06
2900001 2.065e-06
2910001 2.066e-06
2920001 1.963e-06
2930001 2.13e-06
2940001 1.963e-06
2950001 2.862e-06
2960001 1.886e-06
2970001 5.605e-06
2980001 1.746e-06
2990001 1.929e-06
3000001 2.329e-06
