10000 0.000914224
20000 0.0016174
30000 0.00226858
40000 0.00342142
50000 0.0045722
60000 0.00482562
70000 0.00589023
80000 0.00723503
90000 0.0082971
100000 0.00987393
110000 0.00922327
120000 0.010447
130000 0.0113548
140000 0.012721
150000 0.0137489
160000 0.0149714
170000 0.0161115
180000 0.0173458
190000 0.0191193
200000 0.0200471
210000 0.0181252
220000 0.01949
230000 0.0202795
240000 0.0217264
250000 0.0228147
260000 0.0237146
270000 0.0247997
280000 0.0261403
290000 0.0290159
300000 0.0283198
310000 0.0300044
320000 0.0312032
330000 0.0321716
340000 0.0343833
350000 0.0346675
360000 0.0365916
370000 0.0373883
380000 0.0388825
390000 0.0409232
400000 0.0426811
410000 0.0366734
420000 0.0414637
430000 0.0398856
440000 0.0405362
450000 0.0417332
460000 0.0431934
470000 0.0439362
480000 0.0447779
490000 0.0461096
500000 0.0485653
510000 0.0475403
520000 0.0490904
530000 0.0510863
540000 0.0519816
550000 0.0523187
560000 0.0541213
570000 0.0554876
580000 0.0568689
590000 0.0578712
600000 0.0600351
610000 0.0603816
620000 0.0611321
630000 0.0645269
640000 0.0634015
650000 0.0645133
660000 0.065975
670000 0.0692105
680000 0.0706025
690000 0.071728
700000 0.0716426
710000 0.0737923
720000 0.0757217
730000 0.0765263
740000 0.0786131
750000 0.07954
760000 0.0796655
770000 0.0813598
780000 0.0828508
790000 0.0859081
800000 0.0869319
810000 0.0875481
820000 0.0767805
830000 0.0811228
840000 0.0802576
850000 0.078656
860000 0.081524
870000 0.0826984
880000 0.0840201
890000 0.0840241
900000 0.086443
910000 0.0868557
920000 0.0882787
930000 0.0896933
940000 0.0903816
950000 0.0937384
960000 0.0933608
970000 0.0941977
980000 0.0951278
990000 0.0961045
1000000 0.0971252
