10000 0.000544355
20000 0.00113065
30000 0.00174368
40000 0.00240505
50000 0.00303728
60000 0.00357437
70000 0.00440676
80000 0.00509926
90000 0.00566793
100000 0.00662269
110000 0.007149
120000 0.00776321
130000 0.00837912
140000 0.00904416
150000 0.0102567
160000 0.0103963
170000 0.0114223
180000 0.0122307
190000 0.0129779
200000 0.0134264
210000 0.0140646
220000 0.0147465
230000 0.0155831
240000 0.0165517
250000 0.016745
260000 0.0174278
270000 0.0183879
280000 0.0188314
290000 0.020225
300000 0.0206051
310000 0.0212781
320000 0.0216606
330000 0.0230782
340000 0.0232841
350000 0.0238038
360000 0.024673
370000 0.0254031
380000 0.025758
390000 0.0268398
400000 0.0282052
410000 0.0289095
420000 0.0291169
430000 0.0313447
440000 0.0319907
450000 0.0323228
460000 0.0329126
470000 0.0335381
480000 0.0350625
490000 0.0346573
500000 0.0357075
510000 0.036174
520000 0.0374011
530000 0.0373961
540000 0.0386223
550000 0.0389739
560000 0.0396547
570000 0.0399327
580000 0.0417084
590000 0.041993
600000 0.0429623
610000 0.0435274
620000 0.0450073
630000 0.045141
640000 0.045018
650000 0.046478
660000 0.0473351
670000 0.0485502
680000 0.0480043
690000 0.0504254
700000 0.0501643
710000 0.049613
720000 0.0519752
730000 0.0526272
740000 0.0522658
750000 0.0543289
760000 0.0548534
770000 0.0557423
780000 0.056136
790000 0.0568177
800000 0.0569368
810000 0.0590605
820000 0.0582381
830000 0.059001
840000 0.0615125
850000 0.0612509
860000 0.0637988
870000 0.0618644
880000 0.0637625
890000 0.063372
900000 0.0645905
910000 0.0670761
920000 0.0673418
930000 0.069136
940000 0.0673417
950000 0.067935
960000 0.0696598
970000 0.0710734
980000 0.0704717
990000 0.0737077
1000000 0.0738978
