1 2.9e-07
2 5.02e-07
3 6.22e-07
4 7.78e-07
5 9.02e-07
6 1.229e-06
7 1.717e-06
8 9.16e-07
9 1.141e-06
10 1.469e-06
11 2.021e-06
12 4.545e-06
13 5.292e-06
14 6.629e-06
15 7.938e-06
16 9.594e-06
17 6.762e-06
18 6.856e-06
19 1.2741e-05
20 9.821e-06
21 1.1387e-05
22 3.1579e-05
23 1.9329e-05
24 2.1849e-05
25 2.437e-05
26 2.7056e-05
27 3.0945e-05
28 3.4265e-05
29 3.839e-05
30 4.6684e-05
31 5.0939e-05
32 5.3633e-05
33 5.8352e-05
34 6.3248e-05
35 6.9383e-05
36 7.457e-05
37 8.1148e-05
38 8.6853e-05
39 7.9859e-05
40 8.3484e-05
41 8.9507e-05
42 9.4491e-05
43 0.000100161
44 0.000107873
45 0.000113651
46 0.000113695
47 0.00011989
48 0.000134318
49 0.000144223
50 0.000153209
51 0.000161915
52 0.000171088
53 0.000243313
54 0.000180917
55 0.00020192
56 0.00021238
57 0.00022249
58 0.000235339
59 0.000248524
60 0.000259429
61 0.000272985
62 0.000285927
63 0.000296863
64 0.000312935
65 0.000325741
66 0.000336564
67 0.000523831
68 0.000504568
69 0.000386272
70 0.00039772
71 0.000438901
72 0.000431798
73 0.000458409
74 0.000474655
75 0.000495642
76 0.00051718
77 0.00051514
78 0.000529097
79 0.000590049
80 0.000576081
81 0.000593729
82 0.000618872
83 0.000642135
84 0.000638315
85 0.000934506
86 0.00073146
87 0.000756508
88 0.000784129
89 0.000829345
90 0.000850621
91 0.000868727
92 0.000888929
93 0.000952638
94 0.00101598
95 0.000982958
96 0.000987915
97 0.00101213
98 0.00101826
99 0.00194857
100 0.00131984
101 0.00114976
102 0.00113939
103 0.00122225
104 0.00121185
105 0.00125326
106 0.00131346
107 0.00133038
108 0.00143556
109 0.00142882
110 0.00143522
111 0.00188379
112 0.00151331
113 0.00166543
114 0.00157856
115 0.00163554
116 0.0017096
117 0.0017693
118 0.00175003
119 0.00182557
120 0.00193601
121 0.00224056
122 0.00197958
123 0.00201121
124 0.00209133
125 0.00209471
126 0.00212488
127 0.00225925
128 0.00225617
129 0.00247026
130 0.00271003
131 0.00243108
132 0.00247298
133 0.00264101
134 0.0026854
135 0.00272487
136 0.00274277
137 0.00345685
138 0.00277705
139 0.00286543
140 0.00293225
141 0.00306948
142 0.00305466
143 0.00314613
144 0.00350447
145 0.00325312
146 0.00330666
147 0.00334264
148 0.00353391
149 0.00351873
150 0.00431554
151 0.00539752
152 0.00392862
153 0.00401468
154 0.00407296
155 0.00494249
156 0.00426287
157 0.00431304
158 0.00491163
159 0.00438765
160 0.00497093
161 0.00461704
162 0.00471069
163 0.0047478
164 0.00478562
165 0.00542183
166 0.00960091
167 0.00988576
168 0.00886548
169 0.00925944
170 0.00946352
171 0.00704163
172 0.00960133
173 0.00949876
174 0.00844066
175 0.00828517
176 0.00851769
177 0.00803718
178 0.00693246
179 0.00872489
180 0.00801007
181 0.00788081
182 0.00819742
183 0.00761566
184 0.00744335
185 0.00749004
186 0.0139969
187 0.00738367
188 0.00789588
189 0.00752831
190 0.00766464
191 0.00800479
192 0.0077118
193 0.00771698
194 0.00779134
195 0.00806414
196 0.00792475
197 0.00851437
198 0.0100337
199 0.00853963
200 0.00900142
201 0.0088461
202 0.00891753
203 0.0093533
204 0.0154558
205 0.0100751
206 0.00921822
207 0.00957365
208 0.0106306
209 0.00962086
210 0.00984925
211 0.0101745
212 0.0100141
213 0.0107778
214 0.0102165
215 0.0103144
216 0.0256421
217 0.0182247
218 0.0178358
219 0.0163808
220 0.015871
221 0.015038
222 0.0141829
223 0.0137337
224 0.0128969
225 0.0132064
226 0.0124945
227 0.0125637
228 0.0224978
229 0.0215991
230 0.0205172
231 0.0186876
232 0.0174156
233 0.0171553
234 0.0159215
235 0.0151937
236 0.0156824
237 0.0146593
238 0.015205
239 0.014587
240 0.0148692
241 0.014699
242 0.0152239
243 0.0153344
244 0.0156288
245 0.0166228
246 0.015899
247 0.016821
248 0.0169534
249 0.0170572
250 0.0170583
251 0.0173823
252 0.0257238
253 0.0179245
254 0.0224573
255 0.0222951
256 0.0180847
257 0.0189511
258 0.0197997
259 0.0277382
260 0.0198435
261 0.0211945
262 0.0341017
263 0.0295293
264 0.0319179
265 0.0309117
266 0.0223271
267 0.0342125
268 0.0215067
269 0.0210503
270 0.0373166
271 0.022056
272 0.0220991
273 0.0297451
274 0.0381779
275 0.0371519
276 0.0231552
277 0.0350592
278 0.0372001
279 0.0372027
280 0.0348976
281 0.0312449
282 0.0262811
283 0.0353157
284 0.0401412
285 0.028758
286 0.0259002
287 0.0436943
288 0.0352845
289 0.037446
290 0.0277743
291 0.034568
292 0.0420935
293 0.0444189
294 0.0282102
295 0.0463364
296 0.0282276
297 0.0285189
298 0.0310316
299 0.0298284
300 0.0368941
301 0.0312414
302 0.0478478
303 0.0317869
304 0.0462017
305 0.0479447
306 0.0363582
307 0.048447
308 0.0499355
309 0.03301
310 0.0519609
311 0.0338044
312 0.0535976
313 0.0497817
314 0.056653
315 0.0491643
316 0.0373524
317 0.0516586
318 0.0357636
319 0.0560839
320 0.0367287
321 0.0358693
322 0.036073
323 0.0365842
324 0.0582091
325 0.0393803
326 0.0377367
327 0.0615543
328 0.0390811
329 0.0578248
330 0.0394737
331 0.0399762
332 0.0622035
333 0.0568966
334 0.0632144
335 0.0627622
336 0.0594114
337 0.0413978
338 0.0713056
339 0.0669917
340 0.0460782
341 0.0432916
342 0.0440029
343 0.0586456
344 0.0461048
345 0.0447448
346 0.0738097
347 0.0469199
348 0.0466427
349 0.071211
350 0.0482314
