1 0
2 4.27654e-007
3 4.27654e-007
4 0
5 4.27654e-007
6 4.27654e-007
7 4.27654e-007
8 8.55308e-007
9 8.55308e-007
10 1.28296e-006
11 1.71062e-006
12 1.71062e-006
13 2.56592e-006
14 2.99358e-006
15 4.70419e-006
16 4.27654e-006
17 5.13185e-006
18 5.98715e-006
19 1.62508e-005
20 8.12542e-006
21 8.98073e-006
22 1.02637e-005
23 1.15467e-005
24 1.32573e-005
25 1.45402e-005
26 1.62508e-005
27 1.79615e-005
28 2.05274e-005
29 2.2238e-005
30 2.48039e-005
31 2.69422e-005
32 2.95081e-005
33 3.76335e-005
34 3.72059e-005
35 3.89165e-005
36 4.19101e-005
37 4.53313e-005
38 9.49391e-005
39 5.30291e-005
40 6.37204e-005
41 6.11545e-005
42 7.31288e-005
43 7.05629e-005
44 0.000352814
45 0.000161653
46 0.000101782
47 0.000102637
48 0.000109052
49 0.000111618
50 0.00011846
51 0.000125303
52 0.00013856
53 0.000154811
54 0.000169351
55 0.000161653
56 0.000170634
57 0.000194582
58 0.000189023
59 0.000212544
60 0.000201425
61 0.000224518
62 0.000228795
63 0.00022965
64 0.000307911
65 0.00027712
66 0.000273698
67 0.000283534
68 0.00029893
69 0.000353242
70 0.000338274
71 0.000343834
72 0.000339985
73 0.000365216
74 0.000400284
75 0.000434496
76 0.000409265
77 0.000437917
78 0.000442622
79 0.000483676
80 0.000504631
81 0.000499072
82 0.000575194
83 0.000540554
84 0.00061796
85 0.000662008
86 0.000616677
87 0.000684246
88 0.00064704
89 0.000677831
90 0.000686812
91 0.000732143
92 0.000719741
93 0.000782606
94 0.000821951
95 0.000934851
96 0.00115552
97 0.000816391
98 0.0009588
99 0.000899356
100 0.000967781
101 0.000996861
102 0.000976334
103 0.00102936
104 0.00104647
105 0.00117904
106 0.00112858
107 0.001197
108 0.00123549
109 0.00136806
110 0.00124618
111 0.00132188
112 0.00127099
113 0.00147583
114 0.00147284
115 0.00148097
116 0.00156863
117 0.00155196
118 0.00147754
119 0.00160199
120 0.00166357
121 0.00160199
122 0.00172986
123 0.00174868
124 0.00184105
125 0.00195865
126 0.00187783
127 0.00202494
128 0.00196165
129 0.001933
130 0.00199501
131 0.00202665
132 0.00223235
133 0.00243763
134 0.00214169
135 0.00241667
136 0.00241368
137 0.00243249
138 0.00244832
139 0.00239144
140 0.00254882
141 0.00258046
142 0.0026352
143 0.00275537
144 0.00264205
145 0.0028811
146 0.00286528
147 0.00300769
148 0.00313
149 0.00359913
150 0.00293371
151 0.00316464
152 0.00333142
153 0.00327711
154 0.00338231
155 0.00329935
156 0.00332672
157 0.00376849
158 0.00365045
159 0.00355466
160 0.00352558
161 0.00368509
162 0.00411574
163 0.00395494
164 0.00385316
165 0.00410163
166 0.00412173
167 0.00413755
168 0.00428424
169 0.00436891
170 0.00448181
171 0.00450063
172 0.0045126
173 0.00456307
174 0.00492486
175 0.00469478
176 0.00510063
177 0.00485473
178 0.00535465
179 0.00513227
180 0.00553512
181 0.00552828
182 0.00548338
183 0.00539357
184 0.00590248
185 0.00565444
186 0.00569207
187 0.00576905
188 0.0142118
189 0.0064426
190 0.0065106
191 0.00626556
192 0.00639428
193 0.00651231
194 0.00630276
195 0.00712386
196 0.00659015
197 0.00675864
198 0.00692329
199 0.00693954
200 0.00697461
201 0.00706912
202 0.00725686
203 0.00751345
204 0.00729064
205 0.00877118
206 0.00779741
207 0.00799157
208 0.00839912
209 0.00790518
210 0.00881608
211 0.00844616
212 0.00851159
213 0.00861851
214 0.00841323
215 0.00896576
216 0.00909748
217 0.00863989
218 0.00917317
219 0.00931002
220 0.00937203
221 0.0099716
222 0.0097736
223 0.010102
224 0.0102825
225 0.00987581
226 0.0100037
227 0.0104258
228 0.010135
229 0.0104694
230 0.0106182
231 0.0110176
232 0.010646
233 0.0112952
234 0.0285814
235 0.012248
236 0.0108402
237 0.0113602
238 0.0118028
239 0.0116972
240 0.0117878
241 0.0118345
242 0.0117019
243 0.0123429
244 0.0119752
245 0.0133783
246 0.013445
247 0.0132757
248 0.0140382
249 0.0139834
250 0.0140668
251 0.014432
252 0.0138077
253 0.0140463
254 0.0148999
255 0.0148263
256 0.014598
257 0.0153677
258 0.0152779
259 0.0155675
260 0.0146792
261 0.0149379
262 0.0151796
263 0.0157017
264 0.0159703
265 0.015854
266 0.0159985
267 0.0160695
268 0.0169898
269 0.017568
270 0.0181141
271 0.0184725
272 0.0173858
273 0.0187509
274 0.0182651
275 0.0181205
276 0.0189806
277 0.0186641
278 0.0186029
279 0.0197277
280 0.0190965
281 0.0193954
282 0.0193625
283 0.0204936
284 0.0207831
285 0.0201493
286 0.0210029
287 0.0210346
288 0.0206501
289 0.0209965
290 0.021786
291 0.0209251
292 0.0214973
293 0.0213049
294 0.0214511
295 0.0217552
296 0.0220575
297 0.0228825
298 0.023648
299 0.0244045
300 0.0243446
301 0.0236574
302 0.0250378
303 0.0242929
304 0.0253381
305 0.024786
306 0.0252662
307 0.0245281
308 0.0247381
309 0.0250079
310 0.0249934
311 0.0259586
312 0.0262378
313 0.0278676
314 0.0269187
315 0.0277984
316 0.0274348
317 0.0286682
318 0.0286481
319 0.0286096
320 0.0282538
321 0.0293063
322 0.0288696
323 0.0295141
324 0.0298537
325 0.0312632
326 0.0312251
327 0.0317276
328 0.0306187
329 0.0317785
330 0.0324465
331 0.0316447
332 0.0326518
333 0.033239
334 0.0334494
335 0.0339792
336 0.0335011
337 0.0331513
338 0.0333908
339 0.0342572
340 0.0344488
341 0.0356467
342 0.0349945
343 0.0352442
344 0.035538
345 0.0352618
346 0.0367915
347 0.0368911
348 0.0381668
349 0.0366204
350 0.0382523
