10000  0.000475551
20000  0.00104519
30000  0.00167298
40000  0.00231104
50000  0.00300427
60000  0.00369707
70000  0.00440911
80000  0.00515109
90000  0.00595636
100000  0.00678729
110000  0.00762079
120000  0.00843547
130000  0.00960297
140000  0.0101983
150000  0.0111156
160000  0.0124815
170000  0.01351
180000  0.0141074
190000  0.0151347
200000  0.0161337
210000  0.0172469
220000  0.018251
230000  0.0193167
240000  0.0203097
250000  0.0212783
260000  0.0223308
270000  0.0240705
280000  0.0245131
290000  0.0256254
300000  0.026849
310000  0.0277509
320000  0.0290283
330000  0.0303908
340000  0.0314227
350000  0.032491
360000  0.0337799
370000  0.0349958
380000  0.036209
390000  0.0376134
400000  0.0387198
410000  0.03983
420000  0.0413276
430000  0.0423347
440000  0.0435129
450000  0.0503862
460000  0.0463765
470000  0.0494043
480000  0.0507758
490000  0.0500556
500000  0.0509216
510000  0.0528289
520000  0.0534708
530000  0.0548894
540000  0.0573783
550000  0.0572889
560000  0.0585702
570000  0.0605288
580000  0.0613743
590000  0.0636687
600000  0.0644444
610000  0.0657013
620000  0.066829
630000  0.0683404
640000  0.0694736
650000  0.0709093
660000  0.072847
670000  0.0740128
680000  0.0757456
690000  0.0765543
700000  0.0810609
710000  0.0796668
720000  0.0814693
730000  0.0833557
740000  0.117984
750000  0.0852117
760000  0.0867072
770000  0.0878726
780000  0.0903483
790000  0.092392
800000  0.0924818
810000  0.0952749
820000  0.121462
830000  0.100796
840000  0.0982458
850000  0.113876
860000  0.101536
870000  0.10272
880000  0.105821
890000  0.106641
900000  0.109087
910000  0.109245
920000  0.111409
930000  0.112543
940000  0.118422
950000  0.116179
960000  0.122917
970000  0.11828
980000  0.120015
990000  0.123984
1000000  0.12602
