10000  0.000583747
20000  0.00123806
30000  0.00194497
40000  0.00267284
50000  0.00336863
60000  0.00409094
70000  0.00501552
80000  0.0055843
90000  0.00624759
100000  0.00705971
110000  0.00786626
120000  0.00865785
130000  0.00922749
140000  0.0100734
150000  0.0110052
160000  0.0116275
170000  0.0123139
180000  0.0131097
190000  0.0137871
200000  0.0146809
210000  0.0155007
220000  0.0165352
230000  0.016906
240000  0.017834
250000  0.0184738
260000  0.0191396
270000  0.0200843
280000  0.0206574
290000  0.021555
300000  0.0222188
310000  0.0229659
320000  0.0236339
330000  0.0245306
340000  0.0252286
350000  0.0255681
360000  0.0265487
370000  0.0272381
380000  0.0279523
390000  0.0285057
400000  0.0299007
410000  0.0300123
420000  0.0307624
430000  0.0314971
440000  0.0320852
450000  0.0330089
460000  0.0336059
470000  0.0340566
480000  0.034776
490000  0.0355902
500000  0.0361513
510000  0.0370023
520000  0.0378559
530000  0.0379757
540000  0.0388609
550000  0.0400117
560000  0.0404197
570000  0.0413439
580000  0.0431383
590000  0.0418288
600000  0.042998
610000  0.04361
620000  0.0441061
630000  0.0446749
640000  0.0457632
650000  0.0462555
660000  0.0462602
670000  0.0473545
680000  0.0481384
690000  0.0490151
700000  0.0492837
710000  0.0500586
720000  0.0510148
730000  0.0508446
740000  0.0517222
750000  0.0564828
760000  0.053198
770000  0.0534375
780000  0.0547833
790000  0.0550998
800000  0.0558221
810000  0.0562301
820000  0.0562993
830000  0.0573775
840000  0.0572607
850000  0.0580933
860000  0.0601328
870000  0.059582
880000  0.0602042
890000  0.0617233
900000  0.0602432
910000  0.0609745
920000  0.0621911
930000  0.061938
940000  0.0633407
950000  0.063268
960000  0.0639265
970000  0.0643991
980000  0.065201
990000  0.0660451
1000000  0.0662098
