10000 0.00222648
20000 0.00478812
30000 0.0068337
40000 0.00882858
50000 0.00611244
60000 0.00802075
70000 0.00870285
80000 0.00902003
90000 0.00986722
100000 0.0120485
110000 0.0114184
120000 0.0134117
130000 0.0135302
140000 0.0158667
150000 0.0160517
160000 0.0184143
170000 0.0196026
180000 0.0206525
190000 0.0219515
200000 0.0244129
210000 0.0230319
220000 0.023997
230000 0.0254509
240000 0.0271036
250000 0.0281998
260000 0.0295791
270000 0.0305894
280000 0.0319443
290000 0.0336532
300000 0.0352348
310000 0.0368521
320000 0.0375934
330000 0.0394353
340000 0.0405647
350000 0.0423309
360000 0.0440709
370000 0.0456912
380000 0.0470389
390000 0.048673
400000 0.0500799
410000 0.0465855
420000 0.0475064
430000 0.0493071
440000 0.050463
450000 0.0523267
460000 0.0533737
470000 0.0550388
480000 0.0554561
490000 0.091573
500000 0.0680206
510000 0.0611368
520000 0.0614112
530000 0.0629302
540000 0.0641649
550000 0.065607
560000 0.0667029
570000 0.0689544
580000 0.0704744
590000 0.0722298
600000 0.0733523
610000 0.07452
620000 0.0760545
630000 0.0781422
640000 0.0790777
650000 0.0811591
660000 0.0825878
670000 0.0839061
680000 0.085724
690000 0.0868658
700000 0.0895419
710000 0.0904638
720000 0.0918169
730000 0.0940146
740000 0.131115
750000 0.151804
760000 0.147967
770000 0.102025
780000 0.101548
790000 0.103586
800000 0.105993
810000 0.106229
820000 0.0975629
830000 0.0994384
840000 0.100172
850000 0.102246
860000 0.103105
870000 0.104266
880000 0.141718
890000 0.108204
900000 0.109035
910000 0.109867
920000 0.111681
930000 0.112678
940000 0.114593
950000 0.11712
960000 0.117175
970000 0.118447
980000 0.119867
990000 0.121416
1000000 0.12281
