10000  0.000921594
20000  0.00199287
30000  0.0029893
40000  0.00431802
50000  0.00577589
60000  0.00638829
70000  0.00785386
80000  0.00919242
90000  0.0106537
100000  0.0122215
110000  0.0128566
120000  0.0137328
130000  0.0148345
140000  0.0164433
150000  0.0177964
160000  0.0189964
170000  0.0209473
180000  0.0223257
190000  0.0234936
200000  0.0249711
210000  0.0240008
220000  0.0253804
230000  0.0264157
240000  0.0276602
250000  0.030886
260000  0.0303215
270000  0.0332373
280000  0.0334904
290000  0.0354756
300000  0.0371422
310000  0.0375211
320000  0.038665
330000  0.0402512
340000  0.0428501
350000  0.0433025
360000  0.0453779
370000  0.0465416
380000  0.0480054
390000  0.049675
400000  0.0510948
410000  0.0474234
420000  0.0487833
430000  0.0502301
440000  0.0512975
450000  0.0525587
460000  0.0541247
470000  0.0569092
480000  0.0577726
490000  0.0589863
500000  0.0592908
510000  0.0606618
520000  0.0622553
530000  0.0641245
540000  0.065712
550000  0.0669081
560000  0.0687962
570000  0.0698923
580000  0.0711197
590000  0.0735872
600000  0.0743147
610000  0.0758769
620000  0.0776833
630000  0.0781469
640000  0.0799721
650000  0.0817687
660000  0.0827732
670000  0.08469
680000  0.0859353
690000  0.0886762
700000  0.0885252
710000  0.0913747
720000  0.0918626
730000  0.0935275
740000  0.0958201
750000  0.0976004
760000  0.0988201
770000  0.103153
780000  0.101058
790000  0.102771
800000  0.105797
810000  0.106446
820000  0.0980148
830000  0.0984125
840000  0.100177
850000  0.101149
860000  0.103475
870000  0.104755
880000  0.106863
890000  0.105818
900000  0.111806
910000  0.108492
920000  0.110473
930000  0.111279
940000  0.113776
950000  0.114991
960000  0.11601
970000  0.118045
980000  0.118878
990000  0.120401
1000000  0.123307
