10000 0.000587925
20000 0.00126058
30000 0.00215843
40000 0.00275905
50000 0.00349946
60000 0.00452333
70000 0.00807968
80000 0.00686739
90000 0.00653112
100000 0.00737837
110000 0.0112865
120000 0.0100599
130000 0.00974221
140000 0.0155137
150000 0.0125384
160000 0.0120859
170000 0.0167084
180000 0.0138197
190000 0.0180666
200000 0.0172411
210000 0.0199801
220000 0.016864
230000 0.0214519
240000 0.0183571
250000 0.0262022
260000 0.0202764
270000 0.0264111
280000 0.0226187
290000 0.0283656
300000 0.0236094
310000 0.0296808
320000 0.025339
330000 0.0313306
340000 0.0271337
350000 0.0301298
360000 0.0291504
370000 0.0313645
380000 0.0355402
390000 0.0366462
400000 0.0342675
410000 0.0339055
420000 0.0377861
430000 0.038023
440000 0.0406563
450000 0.0394987
460000 0.0400456
470000 0.0410717
480000 0.0419168
490000 0.0443593
500000 0.0453384
510000 0.0477791
520000 0.0472571
530000 0.047941
540000 0.0505822
550000 0.0499103
560000 0.0519971
570000 0.0521555
580000 0.0524591
590000 0.0541798
600000 0.0546368
610000 0.0570811
620000 0.0576899
630000 0.0581592
640000 0.0590699
650000 0.0595955
660000 0.0624153
670000 0.0624148
680000 0.0637532
690000 0.0645401
700000 0.0650807
710000 0.0657489
720000 0.0662582
730000 0.0680528
740000 0.0685084
750000 0.0695901
760000 0.071424
770000 0.0710867
780000 0.0727613
790000 0.0736439
800000 0.0756439
810000 0.0757122
820000 0.0750617
830000 0.0752858
840000 0.0771168
850000 0.077888
860000 0.0778253
870000 0.0792049
880000 0.0818256
890000 0.0809411
900000 0.0816431
910000 0.0829078
920000 0.083554
930000 0.0841642
940000 0.0865866
950000 0.0859531
960000 0.0905316
970000 0.0886736
980000 0.0899574
990000 0.0944308
1000000 0.0919964
